1) 44.869356 37.346589839976666
2) 44.86935256277659 37.34664394194991
3) 44.869367521301776 37.34665754180964
4) 44.86933662972793 37.346636672470545
5) 44.86933662972793 37.34660435633344
6) 44.869376345917864 37.34660435633344
7) 44.869376345917864 37.34660435633344
8) 44.869376345917864 37.34660435633344
9) 44.869376345917864 37.34660435633344
10) 44.869376345917864 37.34660435633344
1) 44.869356 37.346944
2) 44.869356 37.346944
3) 44.869356 37.346944
4) 44.868988122933985 37.34635672502494
5) 44.869356 37.346944
6) 44.869356 37.346944
7) 44.869356 37.346944
8) 44.869356 37.346944
9) 44.869356 37.346944
10) 44.869356 37.346944
